AP
c07             = -0.00217888      +/- 0.001073     (49.25%)
c17             = -0.00949007      +/- 0.006864     (72.32%)
c27             = 0.00528378       +/- 0.009062     (171.5%)

ARHO

c05             = -2.26228         +/- 0.1019       (4.506%)
c15             = 0.397708         +/- 0.6528       (164.1%)
c25             = 2.78692          +/- 0.8623       (30.94%)


BRHO


c07             = -0.73557         +/- 0.0942       (12.81%)
c17             = -0.505676        +/- 0.6046       (119.6%)
c27             = 1.71033          +/- 0.7996       (46.75%)
