AP
c07             = -0.00201388      +/- 0.0009836    (48.84%)
c17             = -0.0102885       +/- 0.006292     (61.16%)
c27             = 0.00620245       +/- 0.008308     (134%)

ARHO

c05             = -2.24974         +/- 0.1151       (5.115%)
c15             = 0.477964         +/- 0.737        (154.2%)
c25             = 2.61516          +/- 0.9735       (37.23%)


BRHO


c06             = -0.752264        +/- 0.1022       (13.58%)
c16             = -0.361049        +/- 0.6556       (181.6%)
c26             = 1.56833          +/- 0.8671       (55.29%)